"d11","d12","d13","d14","d21","d22","d23","d24","d31","d32","d33","d34"
0.00584578938817619,0.0137557968158824,0.0255913353239129,0.0493941741489208,0.0095566202487395,0.00955662024873964,0.0294609242635087,0.0710543428030318,0.144323727507398,0.144323727507398,0.194928830768256,0.302208110976037
0.0810774353742554,0.081077435374254,0.0810774353742584,0.0310897199878342,0.0667612576630148,0.0243492401316576,0.0243492401316576,0.0103715788452779,0.176944450194379,0.176944450194379,0.176944450194379,0.0690133065346525
0.147755315941043,0.147755315941041,0.147755315941044,0.147755315941044,0.0106713950382379,0.010671395038238,0.0106713950382379,0.0106713950382379,0.0915732890207191,0.0915732890207191,0.0915732890207191,0.0915732890207191
0.0955103716056221,0.095510371605621,0.0955103716056232,0.0955103716056234,0.071751433551359,0.071751433551359,0.071751433551359,0.071751433551359,0.0827381948430185,0.0827381948430185,0.0827381948430185,0.0827381948430185
0.0134939428981355,0.0267225951021731,0.0267225951021728,0.046506209821471,0.0161733486303549,0.00592308363705239,0.00592308363705259,0.00254132918297166,0.138613313473918,0.17293136982109,0.224184613599559,0.32026451509405
0.0689490286598363,0.154260200098439,0.225934755384935,0.367697224304591,0.00675470369797289,0.0067547036979729,0.00675470369797289,0.00675470369797284,0.0602214065026038,0.0602214065026038,0.0178485818775493,0.0178485818775493
0.213475583134468,0.213475583134467,0.213475583134468,0.213475583134468,0.00396954893391277,0.0039695489339128,0.00396954893391273,0.00396954893391276,0.0325548679316193,0.0325548679316193,0.0325548679316193,0.0325548679316193
0.196328936364952,0.196328936364952,0.196328936364953,0.196328936364953,0.0286547041058539,0.0286547041058539,0.0286547041058539,0.0286547041058539,0.0250163595291939,0.0250163595291939,0.0250163595291939,0.0250163595291939
0.197238071456305,0.197238071456305,0.197238071456306,0.197238071456306,0.0281761262243857,0.0281761262243857,0.0281761262243857,0.0281761262243857,0.0245858023193091,0.0245858023193091,0.0245858023193091,0.0245858023193091
0.0325366386408274,0.0325366386408246,0.0325366386408299,0.0325366386408305,0.00399862480320592,0.00399862480320615,0.00399862480320569,0.00399862480320587,0.213464736555966,0.213464736555966,0.213464736555966,0.213464736555966
0.147689819282205,0.147689819282204,0.147689819282206,0.147689819282206,0.0251381384494468,0.0251381384494468,0.0883329549614728,0.0883329549614728,0.0228928566395822,0.0228928566395822,0.0682564113850869,0.0682564113850869
0.0079160530333342,0.0187753394804536,0.0368112301363058,0.0825482858543162,0.0251807610304939,0.025180761030494,0.0251807610304938,0.0251807610304934,0.188306511843404,0.188306511843404,0.188306511843404,0.188306511843404
0.238360384819447,0.0990556700181037,0.0495822081538655,0.020385796591498,0.0852261165633387,0.0443815411506888,0.0238467057146248,0.0102155930989019,0.199502495967829,0.114432411156321,0.0719029210090758,0.0431081557563055
0.197079157495716,0.197079157495716,0.197079157495717,0.197079157495717,0.0282779171994895,0.0282779171994895,0.0282779171994895,0.0282779171994895,0.024642925304794,0.024642925304794,0.024642925304794,0.024642925304794
0.196540025971021,0.19654002597102,0.196540025971021,0.196540025971021,0.0285557338569942,0.0285557338569942,0.0285557338569942,0.0285557338569942,0.0249042401719848,0.0249042401719848,0.0249042401719848,0.0249042401719848
0.155910820587084,0.0440389734788521,0.0119326948058045,0.0119326948058046,0.0610001324104271,0.031636355963855,0.0169387159683487,0.00719565913766615,0.278911302830569,0.278911302830569,0.0507956735905092,0.0507956735905092
0.199420512404557,0.114919834639927,0.0713680622079244,0.0430877911625624,0.0859944630784836,0.0441522543271751,0.0238086947450989,0.0102308006804758,0.238215323053569,0.0993390133992503,0.0491504198101766,0.0203128304908003
0.0770051515403375,0.141554121456321,0.183539388443176,0.270305857338679,0.0855896692694985,0.0489317185116915,0.0307360567188764,0.0119248758330429,0.0784783678174761,0.0406148788991305,0.0219604296305442,0.00935948454122729
0.0152035961235407,0.015203596123539,0.0152035961235423,0.0152035961235427,0.170092416305296,0.170092416305296,0.170092416305296,0.170092416305296,0.041113715991606,0.041113715991606,0.0411137159916061,0.135474802309834
0.19779626889498,0.19779626889498,0.197796268894981,0.197796268894981,0.0278904304704671,0.0278904304704671,0.0278904304704671,0.0278904304704671,0.0243133006345524,0.0243133006345524,0.0243133006345524,0.0243133006345524
0.118422738134261,0.118422738134261,0.118422738134262,0.118422738134262,0.00903231695377828,0.0211330070416061,0.0211330070416061,0.0583775201294576,0.157168067969981,0.157168067969981,0.0733180782930525,0.0289789820634923
0.062396035444585,0.120250110290076,0.120250110290076,0.0623960354445852,0.10931180523977,0.056867117746506,0.10931180523977,0.056867117746506,0.0755874656395316,0.0755874656395316,0.0755874656395316,0.0755874656395316
0.0248269070604061,0.0248269070604015,0.0248269070604104,0.024826907060411,0.00400031462788111,0.00931656568745679,0.0174483730167893,0.0332209738915344,0.126888137168742,0.163593032529249,0.218879653283348,0.327345321553372
0.126994374668381,0.12699437466838,0.126994374668383,0.126994374668383,0.0127256198666784,0.0127256198666785,0.0127256198666783,0.0127256198666784,0.11028000546494,0.11028000546494,0.11028000546494,0.11028000546494
0.132333452307329,0.132333452307328,0.132333452307329,0.132333452307329,0.047587431040395,0.047587431040395,0.0255284306596169,0.0109499523719318,0.196676258702292,0.0834550493187551,0.041687112141517,0.0171945254957829
0.291760229450064,0.059945404859178,0.0599454048591779,0.124662565033453,0.073192692460298,0.0375918491749279,0.0201826189193993,0.0085995839209171,0.194713443787678,0.0762916260871296,0.03757601660485,0.0155385648429279
0.0338955569464879,0.0748173166096438,0.0748173166096437,0.0748173166096438,0.16649596175016,0.16649596175016,0.166495961750161,0.166495961750161,0.0220500402738779,0.0220500402738779,0.0220500402738779,0.00951852540230497
0.101630423239215,0.212129558592318,0.212129558592318,0.212129558592318,0.00347609316927179,0.00347609316927186,0.00347609316927178,0.0175925428756842,0.0433498444964988,0.0433498444964988,0.0736301948036672,0.0736301948036672
0.197197063353602,0.197197063353601,0.197197063353602,0.197197063353602,0.0282054401904843,0.0282054401904843,0.0282054401904843,0.0282054401904843,0.0245974964559139,0.0245974964559139,0.0245974964559139,0.0245974964559139
0.0302977922346383,0.0733687636617986,0.0733687636617986,0.260497306753002,0.0979054471229341,0.0979054471229342,0.0489180435174334,0.0489180435174334,0.0522008667672499,0.0226278645934285,0.0522008667672499,0.141790794280098
0.164957920997602,0.107444172714613,0.0598487153783821,0.0261008817576793,0.0520664541446467,0.0520664541446467,0.0520664541446468,0.0520664541446466,0.201240638700674,0.119747065614247,0.0786848704122981,0.033709917845917
0.00575771244914649,0.0134267004485372,0.0248553802203384,0.0478930286538719,0.00699038646134286,0.0163074177827214,0.0308238515572006,0.0610919811647448,0.135803993520586,0.163327850076052,0.205016991641864,0.288704706023595
0.150425838037252,0.0559525025833779,0.0559525025833779,0.0239645524169575,0.122508686510932,0.122508686510932,0.0770794518253112,0.0467815215169772,0.161083974394601,0.095373104089453,0.0620418742266047,0.0263273053042243
0.0287053573105388,0.0668154968663333,0.128304232210857,0.258806093318387,0.0790203445722109,0.0410524153448438,0.0221565632794095,0.00953518489764838,0.214949486306597,0.0887411319659055,0.0439415352536141,0.0179721586736556
0.197900244871778,0.197900244871778,0.197900244871779,0.197900244871779,0.0372729459861592,0.0372729459861592,0.0372729459861592,0.0372729459861592,0.00487618469354582,0.00487618469354583,0.0147671253570917,0.0347877418240662
0.00965913260176555,0.0217636620953122,0.0369297567548375,0.0537852964640154,0.00343191174998226,0.00802834568910546,0.0149570496776531,0.0287825418438903,0.143137367280873,0.170966957780995,0.212788666277162,0.295769311784409
0.0788268406557682,0.143796975021201,0.185839007696822,0.268380127234743,0.010695925837931,0.025259475997374,0.0481998473874415,0.0974159307033004,0.00886437754623862,0.0206752650699054,0.0383575832579028,0.0736886435913718
0.123100599717941,0.123100599717939,0.123100599717942,0.123100599717943,0.0305976744119994,0.0305976744119995,0.0305976744119993,0.215643069568431,0.0251373498135289,0.0251373498135289,0.025137349813529,0.124749458883218
0.183692857401309,0.183692857401308,0.18369285740131,0.18369285740131,0.017534593522873,0.0175345935228731,0.0175345935228731,0.0952565407963506,0.00731882992469763,0.0170920935503899,0.0316582692033449,0.0612990563513598
0.191170482520931,0.19117048252093,0.191170482520931,0.191170482520931,0.00985670062964352,0.0235561433450851,0.0235561433450851,0.0837706052732911,0.023644619330793,0.023644619330793,0.023644619330793,0.023644619330793
0.191384519514192,0.191384519514192,0.191384519514193,0.191384519514193,0.00970801686803974,0.00970801686803974,0.0319538864150187,0.0904789273802562,0.0231532686029688,0.0231532686029688,0.0231532686029688,0.0231532686029688
0.196433950289419,0.196433950289418,0.196433950289419,0.196433950289419,0.0285889014484745,0.0285889014484745,0.0285889014484745,0.0285889014484745,0.0249771482621067,0.0249771482621067,0.0249771482621067,0.0249771482621067
0.0441627124335035,0.0865782292109919,0.115827327392141,0.175560191922003,0.0528858492835871,0.0275924540857583,0.0147970550070353,0.00636590546423965,0.119057568800185,0.119057568800185,0.119057568800185,0.119057568800185
0.188020576921618,0.188020576921617,0.188020576921619,0.188020576921619,0.00799254728778742,0.0190671842990587,0.0369491326108453,0.082718885334826,0.0252974856952523,0.0252974856952523,0.0252974856952523,0.0252974856952523
0.14584254040498,0.145842540404979,0.145842540404981,0.145842540404981,0.0604021073735426,0.0604021073735426,0.0604021073735426,0.0366330590273301,0.0496976143080304,0.0496976143080304,0.0496976143080304,0.0496976143080304
0.0290567200574819,0.0669996733332317,0.121591433229564,0.188368184069603,0.199780286779037,0.11319492787838,0.0712370497880038,0.0434403861462951,0.0104697951771599,0.0242540255422341,0.0450889412577247,0.0865185767412849
0.196184781905063,0.196184781905063,0.196184781905064,0.196184781905064,0.0287317013483177,0.0287317013483177,0.0287317013483178,0.0287317013483178,0.0250835167466188,0.0250835167466188,0.0250835167466188,0.0250835167466188
0.190111604839821,0.190111604839821,0.190111604839822,0.190111604839822,0.0319087673077355,0.0319087673077355,0.0319087673077354,0.0319087673077355,0.0140385346703314,0.0140385346703314,0.0419207210345543,0.0419207210345543
0.214208934366604,0.123259071650065,0.0772311093660859,0.045980792906635,0.00645970348994429,0.0149019713874497,0.0276977382225865,0.0527249260820321,0.0445903489764742,0.0883916163122826,0.120558644600473,0.183995142639369
0.147820885089526,0.231705144777263,0.231705144777263,0.231705144777263,0.0209574769905985,0.0209574769905985,0.0209574769905985,0.0209574769905985,0.0183084431540728,0.0183084431540728,0.0183084431540728,0.0183084431540728
0.213561289096131,0.213561289096131,0.213561289096132,0.213561289096132,0.0039602899835284,0.00396028998352843,0.00396028998352837,0.00396028998352839,0.0324784209203403,0.0324784209203403,0.0324784209203403,0.0324784209203403
0.196926158185817,0.196926158185817,0.196926158185818,0.196926158185818,0.0283579126319464,0.0283579126319464,0.0283579126319464,0.0283579126319464,0.0247159291822361,0.0247159291822361,0.0247159291822361,0.0247159291822361
0.241593112508999,0.140912002555666,0.0694808563568719,0.0282239833821691,0.107094838494608,0.0556034542599439,0.0299693612982799,0.0126578050097502,0.157736713383634,0.0922472310095769,0.0458920804071158,0.0185885613333852
0.0861617216711928,0.152744241972796,0.194661635402259,0.278383222578432,0.0473190276996669,0.0244159252916396,0.0132254957553038,0.00573565184995775,0.121368017433736,0.0451210421284231,0.0219152995361032,0.00894871868049035
0.207033529693447,0.207033529693447,0.207033529693447,0.207033529693447,0.0312940503463951,0.0312940503463951,0.0312940503463951,0.0312940503463951,0.011672419960158,0.011672419960158,0.011672419960158,0.011672419960158
0.104047744185717,0.158496462536147,0.242954815809534,0.423554363909979,0.00194873453550335,0.00194873453550336,0.00194873453550334,0.00194873453550331,0.0157879188541524,0.0157879188541523,0.0157879188541523,0.0157879188541524
0.12563767227251,0.125637672272507,0.125637672272512,0.125637672272513,0.0270748491622037,0.0141453996224063,0.00759492706873699,0.00323689557730443,0.0667660955685772,0.0865796231838109,0.117129550377083,0.174921970349836
0.0348270916893551,0.0348270916893553,0.128443922303361,0.128443922303361,0.0445866760949243,0.0445866760949243,0.165189970387708,0.165189970387708,0.0634761697623258,0.0634761697623259,0.0634761697623258,0.0634761697623258
0.176457205462147,0.176457205462146,0.176457205462148,0.176457205462148,0.00782010163055498,0.00782010163055505,0.00782010163055492,0.00782010163055497,0.0657226929072981,0.0657226929072981,0.0657226929072981,0.0657226929072981
0.148113167374243,0.148113167374242,0.148113167374243,0.148113167374244,0.0544566275472389,0.0544566275472389,0.0544566275472389,0.0544566275472389,0.0474302050785181,0.0474302050785181,0.0474302050785181,0.0474302050785181
0.139959202668002,0.0798486493866267,0.0499513037627635,0.0301019039467827,0.0231967205253711,0.0559219728985994,0.108480743416281,0.228039175670671,0.0180620677724605,0.0416883674619837,0.0770263206782668,0.147723571812192
0.117131933489397,0.158756723344716,0.220518742507966,0.342287082781953,0.0214082092919222,0.0214082092919222,0.0214082092919222,0.0214082092919222,0.0443053234469276,0.018693857018359,0.00633675012149632,0.00633675012149632
0.121524555107363,0.121524555107363,0.121524555107364,0.121524555107364,0.022258578761546,0.022258578761546,0.022258578761546,0.022258578761546,0.235025171271666,0.0781726768278198,0.0781726768278198,0.0334969395970572
0.0517244918690135,0.134739846676214,0.219844893720697,0.381712889621737,0.0283489658707865,0.0283489658707865,0.0283489658707866,0.0283489658707865,0.0246455036572981,0.0246455036572981,0.0246455036572981,0.0246455036572981
0.0866881747592284,0.0411859594183429,0.0216819189273169,0.00909884412406649,0.00967561053137641,0.0096756105313765,0.00967561053137623,0.00967561053137584,0.200660665161385,0.200660665161385,0.200660665161385,0.200660665161385
0.148168141843434,0.093043974275473,0.0503576223352899,0.0213220638546409,0.0473145944712893,0.0473145944712893,0.0473145944712892,0.0473145944712889,0.124462454951502,0.124462454951501,0.124462454951501,0.124462454951502
0.227140364243488,0.0776205515212101,0.0227582752107491,0.0227582752107491,0.0122970537103875,0.0283615675124512,0.0525521419174223,0.0525521419174223,0.275751605293868,0.146614233270579,0.0407968950958372,0.0407968950958372
0.196071716564391,0.196071716564391,0.196071716564392,0.196071716564392,0.0287912257873136,0.0287912257873136,0.0287912257873136,0.0287912257873136,0.0251370576482951,0.0251370576482951,0.0251370576482951,0.0251370576482951
0.0228511053386436,0.0436369172450968,0.0579691463269099,0.0864692181394428,0.00325445063392713,0.00761763465247944,0.0141268148836976,0.0272862760513718,0.0918591452131576,0.160495957504754,0.202632665135996,0.281800668874524
0.132459011660642,0.160737700143517,0.203523319000384,0.285155583812537,0.0524225479261748,0.0298322538676139,0.0185083125842066,0.0109598542803327,0.00668105536224514,0.015647548033543,0.0288722336520896,0.0552005796767148
0.0266431410901466,0.0266431410901417,0.0266431410901513,0.0266431410901519,0.00131221034391992,0.00307843100968818,0.00574137925686157,0.0109591161092778,0.134225881427064,0.169092855740726,0.219796321858769,0.349221239893103
0.00920943937599252,0.0216474412735866,0.0407426175703557,0.0817126860185715,0.00761993530866808,0.0176916236498303,0.0329110914229074,0.064026580278163,0.181109646275481,0.181109646275481,0.181109646275482,0.181109646275481
0.168310663915032,0.168310663915032,0.229132353721996,0.229132353721996,0.00570234533709905,0.0133744444341387,0.0247185305380019,0.0247185305380019,0.0118122728837404,0.0274294745928657,0.0486791832010488,0.0486791832010488
0.126777223538986,0.126777223538985,0.126777223538988,0.126777223538988,0.0129121352939773,0.0129121352939774,0.0129121352939772,0.0129121352939773,0.110310641167036,0.110310641167036,0.110310641167036,0.110310641167036
0.142201632393104,0.142201632393103,0.142201632393104,0.142201632393104,0.0781437962409159,0.0781437962409159,0.026112565366688,0.026112565366688,0.074177684191491,0.074177684191491,0.0463850492929291,0.0279403295364654
0.193040489537076,0.113250671907617,0.0731825693621536,0.0302403935374804,0.0194307414662035,0.046360663197112,0.088953270768598,0.187225653858603,0.0156509506556441,0.0362985007833287,0.0670158688415481,0.129350226084636
0.146381044654338,0.174690190782481,0.217507786336051,0.303870421794175,0.0140580186177085,0.02615653885418,0.0342934266021561,0.0509561991385671,0.00199863486961232,0.0046703884351709,0.0086958781400259,0.0167214717755344
0.176578566005891,0.17657856600589,0.176578566005892,0.176578566005892,0.0078003389856918,0.00780033898569186,0.00780033898569173,0.00780033898569178,0.0656210950084173,0.0656210950084173,0.0656210950084173,0.0656210950084173
0.0403827218540768,0.0978688092194728,0.192505582891376,0.192505582891376,0.00403923470230124,0.00403923470230128,0.0122953330300049,0.0285443557623731,0.0682962751516185,0.0938199761347285,0.0938199761347286,0.171882917525643
0.0347049483081402,0.0347049483081412,0.0542154736371021,0.0542154736371021,0.00459670683072044,0.0107041257088479,0.0197707064655812,0.0197707064655814,0.0775007545162814,0.154380871305326,0.213783117428552,0.321652167388624
0.0348142546641704,0.0348142546641677,0.0348142546641727,0.0348142546641733,0.00665357371328175,0.00665357371328192,0.00665357371328165,0.0335313308510354,0.201812732338109,0.201812732338109,0.201812732338109,0.201812732338109
0.0290704069502344,0.0290704069502317,0.0290704069502367,0.0290704069502373,0.018049403505786,0.0180494035057862,0.0180494035057858,0.018049403505786,0.202880189543979,0.202880189543979,0.202880189543979,0.202880189543979
0.102982340068804,0.193440007270408,0.193440007270408,0.193440007270408,0.0354205390064333,0.0668408238844974,0.0668408238844973,0.0668408238844974,0.0421960297279875,0.0217013961342872,0.0117277618986839,0.00512943969908687
0.0447308412937384,0.0447308412937385,0.168208784506634,0.168208784506634,0.0606117378011369,0.0606117378011369,0.0606117378011369,0.0606117378011369,0.107612429704253,0.107612429704253,0.0582244688931007,0.0582244688931007
0.0772516821475562,0.0772516821475555,0.077251682147557,0.0772516821475571,0.028292992340217,0.0282929923402171,0.028292992340217,0.028292992340217,0.249591683398453,0.134814279932115,0.134814279932115,0.0586010587862217
0.083589591908224,0.0835895919082222,0.0835895919082256,0.083589591908226,0.0372025614690565,0.0372025614690566,0.0372025614690565,0.015968044959638,0.134516475750073,0.134516475750073,0.134516475750073,0.134516475750073
0.104078553632497,0.181817086706818,0.0656021341064097,0.039749974159036,0.18332871853802,0.109300021123826,0.0551500023548448,0.0230348263311489,0.123788549233313,0.0645854469336021,0.0347548242515809,0.0148098626289037
0.168836712391992,0.168836712391991,0.168836712391993,0.168836712391993,0.00333548701125073,0.00781888346007737,0.0144096498148247,0.027806351510662,0.067820694658804,0.067820694658804,0.067820694658804,0.067820694658804
0.183643472170113,0.183643472170112,0.183643472170114,0.183643472170114,0.0351593007938577,0.0351593007938577,0.0351593007938577,0.0351593007938577,0.00786969653131769,0.0182979316067246,0.0337592642026069,0.0648620158034659
0.166278037860381,0.203114700399455,0.203114700399455,0.203114700399455,0.0532376649664837,0.0532376649664837,0.0230342041950922,0.00897901704137169,0.0447718591850177,0.0231594797860104,0.0125782008373433,0.00537976996344992
0.0383333650833728,0.0199250094982139,0.0107017391886761,0.0045765795293456,0.221386295862797,0.127144108892298,0.0793294858930201,0.047111739025145,0.0967735502117935,0.128250665519486,0.191892973363616,0.0345744879322358
0.0449949612290853,0.044994961229086,0.0906194031395828,0.0906194031395827,0.00538222488079374,0.00538222488079369,0.00538222488079383,0.00538222488079372,0.176810592934872,0.176810592934872,0.176810592934872,0.176810592934872
0.12424070780321,0.124240707803208,0.124240707803211,0.124240707803211,0.00866270482935943,0.00866270482935951,0.00866270482935938,0.0435865062933395,0.108365637001436,0.108365637001436,0.108365637001436,0.108365637001436
0.175975043495938,0.175975043495936,0.17597504349594,0.17597504349594,0.00330954271817529,0.00330954271817541,0.00330954271817535,0.00330954271817535,0.0275801493691233,0.0465868125430251,0.0754382827605061,0.13325641047089
0.126863595491962,0.12686359549196,0.126863595491963,0.126863595491963,0.0128479740291405,0.0128479740291407,0.0128479740291404,0.0128479740291405,0.110288430478897,0.110288430478897,0.110288430478897,0.110288430478897
0.133186683027547,0.160967580985611,0.204077496591946,0.283070378250989,0.0525609083491035,0.0298988690718951,0.0185591830016387,0.010961240106155,0.0555196589228015,0.029015284540432,0.0155254450790904,0.00665727207279172
0.0438366282855282,0.0880494721529321,0.120296500325243,0.185813504374319,0.00632019362552014,0.0147104651357559,0.0275443994307536,0.0525265721816491,0.216226590998988,0.122339363195784,0.0767551879455972,0.0455811223479299
0.15285343262113,0.179629563540086,0.219615965545259,0.299653534528409,0.00100722061524276,0.00234102360547549,0.00434052072467905,0.00843790238757105,0.0203680535515054,0.0259727709725271,0.0344248927823175,0.0513551191257979
0.181165328692994,0.181165328692992,0.181165328692995,0.181165328692995,0.00922933296670594,0.0216669893409925,0.0410079250606594,0.0813516712894545,0.0076069731783912,0.017646166527823,0.0330770933018953,0.0637525335621018
0.0550056709023105,0.121649451879165,0.199390747923784,0.278035691034506,0.046544528376325,0.0602256432729018,0.0807870461677339,0.121838593356615,0.00228001217745077,0.00531630432971928,0.00988366492468847,0.0190426456547998
0.122896002007366,0.122896002007365,0.122896002007366,0.122896002007366,0.0296727015529784,0.0296727015529785,0.00984331505566669,0.0098433150556667,0.126681922035768,0.126681922035768,0.126681922035768,0.0493381926459438
0.161639783295942,0.161639783295941,0.161639783295942,0.161639783295942,0.0363908512410332,0.0363908512410332,0.0121524300769809,0.0121524300769809,0.163677533648991,0.0578220789543685,0.0174273457884229,0.0174273457884229
0.186519518602742,0.18651951860274,0.186519518602742,0.186519518602743,0.0162172595886761,0.0162172595886762,0.0162172595886761,0.0962889268459788,0.00905064739543225,0.00905064739543234,0.0271894216050078,0.0636905035811538
0.23841982427548,0.0991031660754581,0.0491666030841181,0.0203574414507347,0.0102768040146032,0.0240464573056506,0.0446137211847658,0.0854022478799801,0.199753101142679,0.114734105623375,0.0712487426900342,0.0428777852731208
0.196125751516892,0.196125751516892,0.196125751516893,0.196125751516893,0.0287660653237061,0.0287660653237061,0.0287660653237061,0.0287660653237061,0.0251081831594017,0.0251081831594017,0.0251081831594017,0.0251081831594017
0.0312083960501369,0.0742590871177025,0.140763440362431,0.288743327954868,0.0249335678861755,0.0129690488833028,0.0069988780008862,0.0030334082391379,0.0620746823513918,0.0806930587016889,0.108549803441876,0.165773301010403
0.0809340752341032,0.146768723499605,0.189207340869461,0.271193999770335,0.095875875345694,0.0541629749145963,0.0256010259648003,0.0102501816062609,0.0656304554895637,0.0342158886885724,0.0183355913034576,0.00782386731355033
0.12677008097126,0.126770080971258,0.126770080971261,0.126770080971261,0.0129646950647321,0.0129646950647322,0.012964695064732,0.0129646950647321,0.110265223964008,0.110265223964008,0.110265223964008,0.110265223964008
0.0299133362827511,0.0714283177821495,0.141990072968792,0.348080052921764,0.0101856223036281,0.0101856223036282,0.010185622303628,0.0101856223036279,0.0919614327075079,0.0919614327075078,0.0919614327075077,0.0919614327075079
0.0725598191377807,0.182570564446935,0.182570564446935,0.182570564446935,0.00992624281875798,0.00992624281875793,0.00992624281875788,0.00992624281875791,0.0850058790615956,0.0850058790615956,0.0850058790615956,0.0850058790615956
0.145113116761099,0.175345721567903,0.220174435905327,0.220174435905326,0.0576354116785621,0.0325734927769194,0.0202886561584934,0.0120108980081193,0.0605678929359193,0.0317894825149041,0.017054807265828,0.00727164852159957
0.135756593707523,0.163694182322991,0.205403391850029,0.288695397385727,0.00685023914716729,0.016147672061269,0.0306189413734594,0.0613228273207742,0.00572472184339089,0.0132491446466746,0.0246026462997356,0.0479342420412589
0.0996436369337139,0.179994644694518,0.179994644694518,0.278762258840165,0.00196090765135043,0.00466947721600633,0.00863529506082248,0.0165179477442722,0.040349753327469,0.0403497533274691,0.0578370806595102,0.0912845998501857
0.133237914961423,0.160988538998289,0.203134043678188,0.28388598578081,0.0526867101944401,0.0297938398513058,0.0185738937455893,0.0110034786438207,0.00663118564557503,0.0156930545368596,0.0290789915753291,0.0552923623883707
0.0484487686596093,0.0484487686596086,0.04844876865961,0.0484487686596102,0.0178604123370065,0.0178604123370065,0.0178604123370064,0.0178604123370065,0.445605457709763,0.175769342723391,0.0566942377901906,0.0566942377901906
0.113058207100545,0.113058207100543,0.113058207100546,0.113058207100546,0.0127909595718348,0.0127909595718349,0.0127909595718347,0.0127909595718348,0.163957651616932,0.163957651616932,0.0843440150383082,0.0843440150383082
0.147711923129625,0.147711923129624,0.147711923129626,0.147711923129627,0.0108007849982488,0.0108007849982489,0.0108007849982487,0.0108007849982488,0.0914872918721257,0.0914872918721257,0.0914872918721257,0.0914872918721257
0.126810073067994,0.126810073067993,0.126810073067996,0.126810073067996,0.0129598873187896,0.0129598873187897,0.0129598873187895,0.0129598873187896,0.110230039613216,0.110230039613216,0.110230039613216,0.110230039613216
0.12853185239197,0.074391851631457,0.0361258379999626,0.0145943770906002,0.0105063346755332,0.0246227700834238,0.0457958117298006,0.0878141292808145,0.044112245639522,0.100721998162627,0.174784799624929,0.257997991689361
0.0317992599198238,0.0756073043637932,0.142356891760186,0.285373638846314,0.00299700854510153,0.0070371486963927,0.0130119806112449,0.025182000572494,0.0623133567898039,0.0810121744023995,0.108383224500089,0.164926010992358
0.0655291197500346,0.0655291197500322,0.0655291197500366,0.0655291197500371,0.00789052930206187,0.00789052930206206,0.00789052930206169,0.00789052930206183,0.176580350947903,0.176580350947903,0.176580350947903,0.176580350947903
0.0253067316691861,0.0597668248409839,0.115301451079811,0.240754626076544,0.0182870397310504,0.0434581287058011,0.0838610425747224,0.177508272157868,0.12255182406531,0.0641406811169645,0.0343490484091663,0.014714329572593
0.1221668276826,0.122166827682598,0.122166827682601,0.122166827682601,0.00524528892134652,0.0120840269260599,0.0224119678404618,0.0433552880116326,0.107059029392525,0.107059029392525,0.107059029392525,0.107059029392525
0.0578830091988097,0.0753050980792982,0.101061100686133,0.15335733431345,0.0234040090335283,0.0120824351792405,0.00656116819407246,0.00282382104767204,0.294194763359487,0.164117721837115,0.0778900397872934,0.031319499283901
0.101206340663426,0.158315349289697,0.241439098473836,0.389874555761193,0.0145638838744264,0.0145638838744265,0.0145638838744265,0.0145638838744264,0.0127272800785354,0.0127272800785354,0.0127272800785354,0.0127272800785354
0.0157607707431046,0.0380153264912626,0.072773136932174,0.151015987773053,0.0129518457837108,0.0302225095684119,0.0562140250402349,0.107990356789108,0.0320714512174707,0.0735357242978153,0.278583235306148,0.130865630057507
0.0996388664761384,0.0996388664761376,0.0996388664761391,0.0996388664761391,0.0315321432226969,0.0736912761335986,0.0736912761335987,0.0736912761335987,0.157476592667664,0.073528686327616,0.0443045971490568,0.073528686327616
0.116154956415893,0.116154956415892,0.116154956415894,0.116154956415894,0.071620424505644,0.071620424505644,0.071620424505644,0.071620424505644,0.0622246190784628,0.0622246190784628,0.0622246190784628,0.0622246190784628
0.0317343526717266,0.0747949516132427,0.142880813255055,0.283959938523061,0.00307058278371781,0.00708005282935704,0.0130917437020226,0.0251900850614504,0.062540880206204,0.0810565306921848,0.109061167394199,0.165538901267779
0.0266624903055871,0.0642514190832428,0.128430916765894,0.128430916765894,0.12360675342537,0.12360675342537,0.0777047445798276,0.0473713868976219,0.101291206226813,0.101291206226813,0.0544604842717538,0.0228917220258128
0.144535353010317,0.144535353010317,0.144535353010317,0.144535353010317,0.0730671567026651,0.0730671567026651,0.0370276497627213,0.0370276497627213,0.075710208588578,0.0251242789254012,0.075710208588578,0.0251242789254012
0.029963795199836,0.0299637951998358,0.0299637951998362,0.0299637951998363,0.201414617199518,0.201414617199518,0.201414617199518,0.201414617199518,0.0186215876006459,0.0186215876006459,0.0186215876006459,0.0186215876006459
0.125076537369003,0.125076537369002,0.125076537369003,0.125076537369003,0.0771930423923699,0.0771930423923699,0.0771930423923699,0.0771930423923699,0.0477304202386273,0.0477304202386273,0.0477304202386273,0.0477304202386273
0.291036608042145,0.0643690897129316,0.0643690897129316,0.13251592441989,0.0713619197341928,0.0305898437316071,0.0102735406945819,0.0102735406945819,0.187948147766004,0.0800848510039322,0.0404872590699422,0.0166901854172598
0.0277802506135779,0.0277802506135733,0.0277802506135822,0.0277802506135828,0.00135262410840962,0.00319622247365761,0.00598750142561344,0.0114893175316546,0.139142069363305,0.174826261927522,0.228302794364488,0.324582206351034
0.170659479488763,0.170659479488762,0.170659479488764,0.170659479488764,0.0041134190905223,0.00952171094369295,0.0177003728042812,0.0177003728042813,0.067081551600542,0.067081551600542,0.067081551600542,0.067081551600542
0.190271929584194,0.190271929584194,0.190271929584194,0.190271929584194,0.0317953857659472,0.0317953857659471,0.0317953857659472,0.0317953857659472,0.0325693767836802,0.0325693767836802,0.0325693767836802,0.0140226082483953
0.125532156934006,0.125532156934003,0.125532156934008,0.125532156934008,0.00328972545131874,0.00766832506918905,0.0142852547421253,0.0274930695802633,0.0676554303241844,0.0874867160639315,0.116456790642481,0.173536060390482
0.10009268586862,0.208684671173488,0.208684671173488,0.208684671173488,0.0162750593762756,0.0162750593762756,0.00544455866568408,0.0054445586656841,0.0680504798266078,0.0680504798266078,0.0680504798266078,0.0262626250471734
0.20201217112385,0.202012171123849,0.20201217112385,0.20201217112385,0.0183890232244068,0.0183890232244068,0.0183890232244068,0.0183890232244068,0.0295988056517434,0.0295988056517434,0.0295988056517434,0.0295988056517434
0.15197184767502,0.151971847675019,0.151971847675022,0.151971847675022,0.0239268588041082,0.0239268588041082,0.0239268588041081,0.162719492689695,0.0195745074005198,0.0195745074005198,0.0195745074005198,0.0988890179963379
0.0790404856263957,0.143592159355788,0.185797267039624,0.269558691333842,0.0107865448201071,0.0253192989187515,0.0478987176886243,0.0970495062958039,0.00883646959429454,0.0207563903415659,0.0380730563955799,0.0732914125896236
0.0737219915665584,0.180733564691323,0.280398071668618,0.280398071668617,0.00494329631383649,0.00494329631383652,0.00494329631383643,0.00494329631383644,0.0412437787873845,0.0412437787873845,0.0412437787873845,0.0412437787873845
0.0573240614215271,0.0573240614215266,0.0573240614215276,0.0573240614215277,0.00923031868312865,0.021416028631797,0.0396748115304928,0.0758504673536487,0.352631088480482,0.158791726105497,0.0796577890443762,0.0334515244844679
0.0948171400449372,0.165364594155461,0.206471855554082,0.28786343930386,0.0137233714029716,0.00708258015027903,0.00380640838926899,0.00162573952129259,0.033448458061513,0.0430460419733209,0.0571218933458071,0.0856284780972069
0.0282835595216311,0.067011092899281,0.127811912660203,0.259178175678313,0.0785781920715863,0.0410011833833532,0.0219776984507531,0.00937209050843585,0.215561461331286,0.0888535177350662,0.044307421421042,0.0180636943390495
0.0755000999219834,0.139822476260478,0.181564676617731,0.264325194453014,0.0815007017617717,0.0462219796422268,0.0286736888615264,0.0172083783950681,0.01030673433843,0.0240579870644716,0.0445309739839145,0.0862871086993848
0.095478191355321,0.0954781913553201,0.095478191355322,0.0954781913553222,0.0826953998649547,0.0826953998649547,0.0826953998649547,0.0826953998649547,0.0718264087797239,0.0718264087797239,0.0718264087797239,0.0718264087797239
0.0954813184416403,0.0954813184416394,0.0954813184416413,0.0954813184416415,0.082732641173974,0.082732641173974,0.082732641173974,0.082732641173974,0.0717860403843853,0.0717860403843853,0.0717860403843853,0.0717860403843853
0.227234238475448,0.129248859236413,0.0808352699055909,0.0480968961365203,0.00328870865082441,0.00771136887373465,0.0143831703508925,0.0277707894601502,0.0687850869537589,0.0891688213622947,0.120436504584128,0.183040286010244
0.0322821482526463,0.0322821482526435,0.0322821482526488,0.0322821482526494,0.00394602816223499,0.00394602816223522,0.00394602816223476,0.00394602816223494,0.213771823585118,0.213771823585118,0.213771823585118,0.213771823585118
0.0581264967230372,0.0581264967230366,0.0581264967230378,0.0581264967230379,0.0533715821237296,0.0227250490123577,0.00752479944998236,0.00752479944998241,0.379437484381831,0.172382117682418,0.088076887170934,0.0364512938366154
0.226817903124237,0.12914076900456,0.0809817534287269,0.0486177777048563,0.00330375959414887,0.00767094046756136,0.0142317555775145,0.0275235901902476,0.0683619667368914,0.0893153172123215,0.120502274683416,0.18353219227552
0.014368924624219,0.0342533976802604,0.0648460233126473,0.133075888635942,0.0118212855305836,0.0273814383206381,0.0506398206642648,0.0974058646954374,0.0427407284525278,0.0984177413233123,0.171246701139441,0.253802185620727
0.139415808233783,0.139415808233782,0.139415808233784,0.139415808233784,0.0236081330686896,0.0236081330686896,0.0236081330686896,0.0236081330686896,0.234986226752315,0.0376393360125978,0.0376393360125978,0.0376393360125978
0.0321927694671088,0.0321927694671059,0.0321927694671112,0.0321927694671118,0.00390127741768927,0.0039012774176895,0.00390127741768904,0.00390127741768922,0.213905953115201,0.213905953115201,0.213905953115201,0.213905953115201
0.114518272326165,0.114518272326164,0.114518272326165,0.114518272326166,0.140963894327233,0.0475150002537746,0.0475150002537746,0.0475150002537746,0.0646045039016959,0.0646045039016959,0.0646045039016959,0.0646045039016959
0.196804565943863,0.196804565943863,0.196804565943864,0.196804565943864,0.0284122422702182,0.0284122422702182,0.0284122422702182,0.0284122422702182,0.0247831917859186,0.0247831917859186,0.0247831917859186,0.0247831917859186
0.132136824018441,0.162652188531847,0.20843164341072,0.302816875627833,0.00635020111708316,0.0152420893894168,0.0288609326679823,0.0591996253697545,0.0209635997099243,0.00708804438574342,0.00708804438574342,0.0491699313855117
0.0818378888438703,0.0464523382659316,0.0289006391957791,0.0172820184228135,0.0101915945502746,0.0242617432879482,0.0452912897596427,0.0861861797271389,0.0761264110440443,0.140189752508674,0.18088628036621,0.262393864027673
0.196109401287061,0.196109401287061,0.196109401287062,0.196109401287062,0.0287820381948261,0.0287820381948261,0.0287820381948261,0.0287820381948261,0.0251085605181123,0.0251085605181123,0.0251085605181123,0.0251085605181123
0.107488206200577,0.204720584225346,0.204720584225346,0.204720584225346,0.00451534506891872,0.0045153450689188,0.0134219235608074,0.0134219235608074,0.0563999290817823,0.0223055115191708,0.0818850316314898,0.0818850316314898
0.0408443521188767,0.0971215113855345,0.178428823002365,0.280963643946742,0.0128342286126187,0.0308166544902975,0.0603233330944358,0.134653752225449,0.020575978722259,0.020575978722259,0.0205759787222589,0.102285764956904
0.189449479615123,0.189449479615122,0.189449479615123,0.189449479615123,0.109603062840163,0.0201124419337199,0.0201124419337199,0.00814550258286318,0.0439686189266788,0.0228631197208958,0.0121556874900721,0.00524120611139658
0.070541006858466,0.0705410068584668,0.127468480037935,0.127468480037935,0.0133138897463487,0.0133138897463488,0.039951801986779,0.0399518019867793,0.0538395748130082,0.0538395748130082,0.194885246557463,0.194885246557463
0.148583219681589,0.148583219681588,0.148583219681589,0.14858321968159,0.0542212932320276,0.0542212932320276,0.0542212932320276,0.0542212932320276,0.0471954870863834,0.0471954870863834,0.0471954870863834,0.0471954870863834
0.150303435298256,0.150303435298256,0.207251579325659,0.207251579325659,0.00215098636669087,0.00507636356737869,0.00938967943118039,0.0179982893284032,0.0438579776941973,0.0561676514468375,0.0751245114587405,0.0751245114587405
0.14813242396336,0.148132423963359,0.148132423963361,0.148132423963361,0.0544599085558305,0.0544599085558305,0.0544599085558305,0.0544599085558305,0.0474076674808092,0.0474076674808092,0.0474076674808092,0.0474076674808092
0.241142559717548,0.141306358841704,0.0699971707496243,0.0283565680006396,0.106604693896405,0.0556573001433037,0.0299777758526003,0.0128578367955669,0.157118853514676,0.0919025098682452,0.0461551496694185,0.0189232229502682
0.132533061977768,0.160289937298792,0.201081070386756,0.287618846034383,0.0527173978784051,0.0298019647427068,0.0184317673916001,0.0108922550824072,0.00663998196266086,0.0153865992832189,0.0287861776860567,0.0558209402752454
0.0323080455912065,0.0756366169230151,0.143419935765834,0.29336066454581,0.00337643219200201,0.00790015311382418,0.00790015311382426,0.0212034327683301,0.0562259850558262,0.0775002886336584,0.109509126457194,0.171659165839477
0.197095354916595,0.197095354916595,0.197095354916596,0.197095354916596,0.028257425177716,0.028257425177716,0.028257425177716,0.028257425177716,0.0246472199056885,0.0246472199056885,0.0246472199056885,0.0246472199056885
0.0241934484666335,0.0241934484666338,0.0721920939557096,0.0721920939557097,0.0341740940887681,0.0824193794166441,0.165775061947714,0.165775061947714,0.124492139776762,0.0309272023344121,0.0791738358665369,0.124492139776762
0.195922127303736,0.195922127303735,0.195922127303736,0.195922127303736,0.0288946352563879,0.0288946352563879,0.0288946352563879,0.0288946352563879,0.0251832374398763,0.0251832374398763,0.0251832374398763,0.0251832374398763
0.0361569770020437,0.036156977002041,0.0361569770020461,0.0361569770020467,0.00690367498271834,0.00690367498271851,0.00690367498271823,0.00295099709279203,0.207927517487719,0.207927517487719,0.207927517487719,0.207927517487719
0.0377412548622537,0.0377412548622537,0.120475936764983,0.30445054320368,0.0745923124059453,0.0118126338103598,0.0275847689746894,0.0275847689746894,0.220595966988495,0.0571428735856984,0.0571428735856984,0.0231348119812542
0.226412750147472,0.106435364030865,0.0540608402885969,0.022546785379363,0.0469473263700201,0.0469473263700201,0.0157034918652805,0.0157034918652805,0.116310655920775,0.116310655920776,0.116310655920775,0.116310655920775
0.126425594937514,0.126425594937512,0.126425594937516,0.126425594937516,0.0150380393165204,0.0150380393165205,0.0150380393165203,0.00642360954693806,0.0809756195325077,0.0809756195325078,0.140404326844213,0.140404326844213
